10 12154 10.851 3.19672 0.97003 2.00082 0.909016 0.587896 ATF3
69 12154 54.475 7.20759 0.0589411 1.72914 1.27936 1 Ap2alpha
111 12154 100.016 10.0344 0.284715 1.4088 1.11101 0.924309 Ap2gamma
0 12154 4.337 2.12319 0.022977 0 0 0 BAF155
24 12154 21.31 4.63674 0.604396 1.84783 1.14314 0.773747 BATF
4 12154 9.36 3.06558 0.100899 1 0.444262 0.249753 BCL11A
14 12154 7.309 2.78195 0.042957 7.00692 2.00115 1.07701 BCL3
6 12154 14.111 3.74175 0.030969 0.857072 0.428289 0.272368 BCLAF1
641 12154 442.137 20.7616 0.000999001 1.6193 1.47529 1.34244 CTCF
10 12154 5.769 2.37556 0.142857 5.00329 1.66722 0.909016 CTCFL
20 12154 18.761 4.63177 0.834166 2.00165 1.05272 0.689144 Cfos
85 12154 72.907 8.3671 0.156843 1.49469 1.16554 0.944053 Cjun
188 12154 137.207 11.2372 0.000999001 1.64476 1.36801 1.17775 Cmyc
2071 12154 1607.53 35.61 0.000999001 1.41457 1.34611 1.28409 DNase1
67 12154 53.568 7.27711 0.0909091 1.67874 1.26562 0.985213 E2F1
8 12154 22.395 4.78099 0.002997 0.571146 0.363217 0.241925 E2F4
64 12154 37.804 6.29311 0.000999001 2.37762 1.73359 1.25625 E2F6
61 12154 25.151 5.04437 0.000999001 3.82669 2.44726 1.7466 EBF1
73 12154 53.545 6.923 0.010989 1.7852 1.37964 1.09009 ELF1
11 12154 5.794 2.36921 0.0649351 5.50408 1.83409 1 ETS1
116 12154 86.018 9.21513 0.002997 1.71268 1.3522 1.10577 Egr1
5 12154 6.282 2.4877 0.806194 2.50062 0.833265 0.416427 FOSL1
22 12154 12.362 3.45527 0.010989 3.6715 1.83484 1.10018 FOSL2
41 12154 40.255 6.33641 0.958042 1.46586 1.02508 0.758444 FOXA1
2 12154 6.925 2.65564 0.0569431 1 0.285597 0.153707 FOXA2
105 12154 73.339 8.53973 0.000999001 1.81741 1.44218 1.18134 Gabp
5 12154 7.249 2.67547 0.532468 2.50062 0.714168 0.384362 Gata2
634 12154 453.356 20.106 0.000999001 1.56065 1.42155 1.3045 H2AZ
1685 12154 1383.21 33.7528 0.000999001 1.3244 1.25351 1.18537 H3K27ac
3533 12154 4842.27 49.9458 0.000999001 0.639675 0.618867 0.598256 H3K27me3
6099 12154 3920.2 48.2334 0.000999001 2.19167 2.11577 2.0396 H3K36me3
2072 12154 1542.95 34.9492 0.000999001 1.48335 1.4133 1.34401 H3K4me1
1663 12154 1282.53 32.117 0.000999001 1.42197 1.34313 1.27178 H3K4me2
1252 12154 968.918 28.5817 0.000999001 1.40728 1.32559 1.24557 H3K4me3
1273 12154 849.824 27.6334 0.000999001 1.66265 1.55587 1.45594 H3K79me2
1028 12154 794.666 26.2476 0.000999001 1.41902 1.32194 1.23501 H3K9ac
68 12154 45.153 6.52013 0.000999001 2.06657 1.51399 1.1534 H3K9me3
499 12154 370.705 17.959 0.000999001 1.50129 1.35978 1.23259 H4K20me1
11 12154 21.705 4.7202 0.020979 0.846014 0.523378 0.354254 H4K5ac
20 12154 17.376 3.94337 0.59041 2.00165 1.17676 0.76885 HDAC2
90 12154 71.636 8.22917 0.032967 1.61167 1.25187 1.0229 HEY1
32 12154 26.732 5.11472 0.366633 1.88468 1.23138 0.864508 HNF4A
1 12154 3.42 1.78179 0.288711 1 0.333278 0.142787 HNF4G
7 12154 7.028 2.6699 1 2.3341 1 0.538196 IRF4
24 12154 53.345 7.1321 0.000999001 0.614624 0.451748 0.351661 Ini1
2 12154 4.021 1.95509 0.426573 2.00016 0.499918 0.249877 Junb
64 12154 67.44 8.3501 0.71029 1.25625 0.954987 0.760644 Jund
7 12154 12.249 3.47981 0.168831 1.16676 0.583093 0.368057 MEF2A
360 12154 227.171 14.239 0.000999001 1.83374 1.61102 1.41301 Max
12 12154 6.291 2.5622 0.0709291 6.00494 2.00099 1 NFKB
11 12154 3.952 1.93738 0.004995 11.0091 2.75159 1.37534 Nrf1
36 12154 47.544 6.85004 0.0969031 1.02866 0.749257 0.588946 Nrsf
7 12154 9.86 3.22875 0.496503 1.75043 0.699827 0.437176 POU2F2
26 12154 28.932 5.59971 0.684316 1.36921 0.89633 0.633362 PU1
15 12154 8.938 2.99652 0.0889111 3.7534 1.66749 1 Pax5
10 12154 5.457 2.32714 0.0969031 10.0074 2.00082 1 Pbx3
1256 12154 837.212 25.4886 0.000999001 1.66236 1.55829 1.46218 PolII
2 12154 4.803 2.18012 0.264735 2.00016 0.399901 0.199868 RXRA
304 12154 235.174 14.7991 0.000999001 1.48793 1.30115 1.15095 Rad21
10 12154 11.349 3.26801 0.824176 2.00082 0.909016 0.55519 SIX5
79 12154 61.855 7.84229 0.036963 1.68531 1.27599 1.0129 SP1
4 12154 4.227 2.16753 1 4.00099 1 0.444262 SP2
48 12154 51.259 7.12578 0.724276 1.2642 0.940943 0.726191 Sin3Ak20
8 12154 13.246 3.73034 0.170829 1.14295 0.615131 0.399605 Srf
272 12154 187.965 13.8879 0.000999001 1.70522 1.45704 1.25926 TAF1
85 12154 60.463 7.79714 0.000999001 1.8538 1.4196 1.11926 TAF7
7 12154 4.452 2.13266 0.326673 7.00346 1.75043 0.77765 THAP1
19 12154 21.183 4.73201 0.772228 1.46226 0.904613 0.593114 Tcf12
21 12154 20.963 4.70636 1 1.7513 1 0.676861 Tr4
83 12154 64.087 7.66813 0.026973 1.66454 1.29892 1.03776 USF1
180 12154 125.522 11.4237 0.000999001 1.74175 1.44661 1.21947 Yy1
11 12154 4.908 2.2164 0.028971 11.0091 2.20109 1.10009 ZBTB33
10 12154 18.696 4.23763 0.034965 0.909016 0.525926 0.369852 ZBTB7A
6 12154 3.857 1.87779 0.344655 6.00247 1.50025 0.749877 ZEB1
14 12154 20.526 4.53761 0.184815 1.16686 0.699654 0.466052 p300
