ENSG00000237438.1 22 17517460 17539682 + 4579 -72 rs3016112 22 17517388 17517388 443 387.614 1.01767 523.052 4.41294e-09 -0.41131 0.000999001 1.74059e-05
ENSG00000177663.8 22 17565844 17596583 + 4625 0 rs2270241 22 17566206 17566206 443 369.206 1.04158 452.727 5.07079e-05 -0.279877 0.0799201 0.083142
ENSG00000069998.8 22 17618401 17646177 - 4705 0 rs34347930 22 17641831 17641832 443 376.226 1.06468 478.794 7.72996e-06 -0.164907 0.00999001 0.0133962
ENSG00000093072.10 22 17660194 17739125 - 4756 0 rs5748957 22 17699299 17699299 443 373.522 1.02019 466.378 0.000889676 0.140991 0.654346 0.646526
ENSG00000131100.8 22 18074902 18111584 - 4836 0 rs3532 22 18075263 18075263 443 372.008 1.07093 519.274 7.03571e-05 -0.242758 0.103896 0.110117
ENSG00000099968.13 22 18111621 18213388 + 4987 0 rs10537282 22 18157841 18157843 443 390.718 1.01306 637.609 5.26279e-06 0.209214 0.014985 0.0112925
ENSG00000015475.14 22 18216906 18257536 - 4894 -26380 rs5992106 22 18283916 18283916 443 383.623 1.03656 596.219 0.000145779 -0.161019 0.208791 0.201914
ENSG00000093100.12 22 18270418 18507325 - 5249 0 rs34483330 22 18460302 18460302 443 367.238 1.03885 480.446 6.30573e-07 -0.263687 0.002997 0.00216011
ENSG00000243156.2 22 18317094 18507325 - 5113 0 rs4819654 22 18483388 18483388 443 366.654 1.05224 466.11 1.46991e-10 0.320788 0.000999001 1.29356e-06
ENSG00000215193.5 22 18560689 18613905 + 4776 0 rs362226 22 18574361 18574361 443 377.837 1.05088 539.094 0.00045685 0.26614 0.474525 0.454893
ENSG00000183785.9 22 18593097 18614498 + 4711 -685359 rs61298845 22 17907738 17907738 443 368.341 1.07559 432.327 0.00212706 -0.204386 0.88012 0.875724
ENSG00000184979.8 22 18632666 18672923 + 4725 903513 rs112944827 22 19576436 19576436 443 387.636 0.988867 580.993 0.00255509 0.268084 0.938062 0.939367
ENSG00000183628.7 22 18893541 18901751 + 4450 181801 rs2854659 22 19083552 19083552 443 384.672 1.01155 480.875 0.00246364 -0.176395 0.899101 0.89838
ENSG00000100033.11 22 18900294 18924066 - 4496 0 rs4819759 22 18921223 18921223 443 372.267 1.04382 422.023 9.54765e-07 0.257969 0.002997 0.00226058
ENSG00000070413.12 22 19023795 19109967 - 4480 -7300 rs8139221 22 19117267 19117267 443 369.542 1.06101 409.447 1.42638e-05 0.212635 0.015984 0.0234445
ENSG00000100056.7 22 19117792 19132197 - 4179 -128 rs737923 22 19132325 19132325 443 393.606 1.04736 532.691 5.49816e-07 0.223202 0.000999001 0.000895003
ENSG00000206203.3 22 19118321 19120134 + 4171 566660 rs71312711 22 19686794 19686794 443 386.262 1.07953 508.722 7.18789e-05 0.230514 0.0789211 0.081671
ENSG00000100075.5 22 19163095 19166343 - 4174 2196 rs5746671 22 19160899 19160899 443 391.075 1.02861 508.837 1.77337e-14 -0.227179 0.000999001 1.58951e-10
ENSG00000100084.9 22 19318221 19435224 - 4152 -437711 rs73148965 22 19872935 19872935 443 396.483 1.00818 553.396 0.00227273 0.208201 0.883117 0.882522
ENSG00000242259.3 22 19338891 19435755 - 4106 321845 rs4078544 22 19017046 19017046 443 414.599 0.956492 656.193 6.51264e-05 0.263929 0.0869131 0.0808316
ENSG00000185608.4 22 19419425 19423598 + 3957 -115391 rs5746718 22 19304034 19304034 443 374.506 1.1255 434.336 9.2396e-05 0.116418 0.0959041 0.096819
ENSG00000185065.6 22 19435416 19437628 + 3930 2969 rs75637138 22 19440597 19440597 443 380.108 0.971436 405.859 1.63608e-31 -0.795402 0.000999001 5.66409e-24
ENSG00000070010.12 22 19437464 19466738 - 3938 567308 rs2870968 22 18870156 18870156 443 371.488 1.04709 388.764 2.02807e-06 0.195317 0.003996 0.00404298
ENSG00000093009.5 22 19466982 19508135 + 3791 191046 rs35682118 22 19699181 19699181 443 376.766 1.07557 441.685 0.00118942 0.153264 0.684316 0.681333
ENSG00000170638.5 22 50624344 50638027 + 3946 0 rs5771215 22 50626791 50626791 443 359.116 1.04351 340.565 2.00632e-06 0.120428 0.004995 0.00502759
ENSG00000073169.9 22 50639408 50656045 + 3921 -3781 rs5771095 22 50635627 50635627 443 391.313 1.0082 468.699 4.6565e-11 0.207369 0.000999001 2.56035e-07
ENSG00000128159.7 22 50656118 50683421 - 3890 954101 rs5769554 22 49702017 49702017 443 363.669 1.03767 346.916 0.00370114 0.122321 0.947053 0.945379
ENSG00000100429.13 22 50683612 50689834 - 3762 614073 rs5770637 22 50069539 50069539 443 354.465 1.0703 325.697 0.00125542 -0.165902 0.702298 0.69482
ENSG00000188130.8 22 50683879 50700254 - 3761 0 rs3817818 22 50699331 50699331 443 362.101 1.01334 311.107 2.58024e-06 -0.244738 0.004995 0.00615836
ENSG00000185386.10 22 50702142 50709196 - 3649 843219 rs5845894 22 49858923 49858923 443 362.23 1.0188 314.264 0.000150535 -0.206673 0.164835 0.167808
ENSG00000196576.9 22 50713408 50746056 - 3606 911299 rs7286586 22 49802109 49802109 443 366.124 1.02767 317.638 0.00244824 -0.138836 0.843157 0.840004
ENSG00000205593.5 22 50750392 50765489 - 3487 0 rs73439311 22 50753334 50753334 443 369.888 1.06686 331.021 8.62422e-13 -0.360608 0.000999001 6.33959e-09
ENSG00000100239.10 22 50781733 50883514 + 3369 -859394 rs200822268 22 49922339 49922339 443 368.893 0.998749 286.955 0.000683243 -0.186914 0.442557 0.42832
ENSG00000100241.14 22 50885184 50913464 - 2975 393471 rs137916 22 50491713 50491713 443 387.744 0.97873 296.652 0.00353908 -0.180148 0.845155 0.854587
ENSG00000128165.7 22 50919985 50924869 + 2842 -52523 rs34500818 22 50867461 50867462 443 345.445 1.11482 190.184 9.09094e-05 0.22327 0.0729271 0.0724617
ENSG00000100258.12 22 50941376 50946135 - 2785 -28474 rs200776357 22 50974609 50974609 443 391.01 0.981268 268.683 0.00131924 -0.157402 0.511489 0.505705
ENSG00000025770.13 22 50946645 50963063 + 2773 21536 rs7288373 22 50984599 50984599 443 363.474 1.07105 221.183 4.48662e-05 0.26206 0.035964 0.0369249
ENSG00000130489.8 22 50961997 50964868 - 2725 640251 rs11442399 22 50321746 50321746 443 359.007 1.03037 213.181 0.0011328 0.215433 0.507493 0.500534
ENSG00000025708.8 22 50964181 50968485 - 2715 -10035 rs131787 22 50978520 50978520 443 334.986 1.11265 165.498 7.68202e-05 0.122476 0.0629371 0.0674136
ENSG00000177989.8 22 50968139 50971009 - 2712 18063 rs131821 22 50950076 50950076 443 337.593 1.10634 179.615 0.000461389 -0.20096 0.293706 0.283538
ENSG00000130487.4 22 50986462 50989451 + 2696 0 rs131779 22 50988193 50988193 443 363.831 1.01372 226.908 4.65801e-06 0.219197 0.003996 0.00699404
ENSG00000217442.3 22 50989541 51001334 - 2689 4942 rs7288373 22 50984599 50984599 443 360.911 1.01913 207.561 1.44958e-15 0.605857 0.000999001 7.84053e-11
ENSG00000205560.8 22 51007290 51017899 - 2670 171314 rs58118879 22 50835976 50835976 443 376.507 1.00153 251.307 0.000748052 -0.193134 0.403596 0.376896
ENSG00000254413.4 22 51007298 51021394 - 2670 -16975 rs715519 22 51038369 51038369 443 374.701 1.04531 248.895 0.000453952 -0.266879 0.243756 0.249944
ENSG00000100288.15 22 51017378 51039884 - 2648 0 rs963980 22 51022117 51022117 443 368.211 0.996425 221.643 0.000538082 0.199692 0.303696 0.301166
ENSG00000100299.12 22 51063446 51066607 - 2553 614 rs8142033 22 51062832 51062832 443 371.423 0.989936 228.261 5.97275e-19 -0.432014 0.000999001 1.20949e-13
ENSG00000079974.13 22 51205929 51222091 - 2327 0 rs117212972 22 51216679 51216679 443 371.164 1.023 213.338 0.000352284 0.167921 0.1998 0.195729
ENSG00000175329.7 22 35462129 35486030 + 4573 552046 rs1894469 22 36038076 36038076 443 357.991 1.065 256.396 0.000770355 0.187785 0.441558 0.442948
ENSG00000100281.9 22 35653445 35691800 + 4725 832064 rs73163522 22 36523864 36523864 443 358.413 1.05292 265.1 0.0010527 -0.105675 0.578422 0.550054
ENSG00000100284.13 22 35695268 35743985 + 4777 849334 rs132711 22 36593319 36593319 443 352.496 1.03398 235.831 0.000178906 -0.227684 0.173826 0.165865
ENSG00000100292.12 22 35776354 35790207 + 4562 -549278 rs12160682 22 35227076 35227076 443 371.456 1.02229 303.195 0.00491666 -0.184424 0.951049 0.950756
ENSG00000100297.7 22 35796056 35820495 + 4454 484097 rs9607293 22 36304592 36304592 443 349.641 1.06614 240.461 0.000518051 0.221308 0.33966 0.357579
ENSG00000221963.4 22 36044442 36057404 + 4498 -589079 rs361664 22 35455363 35455363 443 371.11 1.02706 321.28 0.000125066 0.0972688 0.134865 0.125407
ENSG00000100320.16 22 36134783 36424473 - 5258 976762 rs86599 22 35158021 35158021 443 371.348 1.08353 380.221 0.000486649 -0.222095 0.376623 0.374918
ENSG00000128284.15 22 36536372 36562225 - 4558 -861261 rs3753145 22 37423486 37423486 443 365.951 1.04216 330.675 0.000233067 -0.211567 0.223776 0.221231
ENSG00000100336.13 22 36585172 36600886 - 4454 0 rs1812023 22 36600521 36600521 443 350.366 1.00937 271.76 1.04072e-21 0.597219 0.000999001 3.3955e-15
ENSG00000128335.9 22 36622256 36636000 - 4512 -739668 rs5756437 22 37375668 37375668 443 352.118 1.03658 279.641 0.000477576 0.181674 0.394605 0.386078
ENSG00000100342.15 22 36649056 36663576 + 4551 712092 rs5756437 22 37375668 37375668 443 371.467 1.02734 373.202 0.000425089 0.214659 0.34965 0.360485
ENSG00000100345.14 22 36677323 36784063 - 4834 -73771 rs139988 22 36857834 36857835 443 371.434 1.01399 406.372 0.000135569 0.119096 0.172827 0.170771
ENSG00000100348.5 22 36863083 36878077 - 4600 229339 rs114913627 22 36633744 36633744 443 368.493 1.04273 404.245 0.00203596 0.357697 0.864136 0.853303
ENSG00000100350.10 22 36883237 36903148 - 4577 -618063 rs3218339 22 37521211 37521211 443 385.073 0.991011 466.071 0.000573103 -0.215205 0.470529 0.465143
ENSG00000100353.12 22 36906897 36925483 - 4601 361236 rs2032518 22 36545661 36545661 443 386.316 1.04143 494.941 0.000932003 0.169472 0.599401 0.609857
ENSG00000100360.10 22 37154246 37172300 - 4533 -198621 rs5750348 22 37370921 37370921 443 377.091 1.07827 453.077 0.000318414 0.205878 0.294705 0.298361
ENSG00000100365.10 22 37257030 37274057 + 4635 -4112 rs4821542 22 37252918 37252918 443 377.805 0.987433 408.966 1.69605e-09 0.42867 0.000999001 1.25828e-05
ENSG00000184702.12 22 19701987 19712295 + 3384 380831 rs443678 22 20093126 20093126 443 392.881 1.03761 486.143 0.000364586 0.219223 0.306693 0.301404
ENSG00000185838.9 22 19770747 19842462 - 3601 -155924 rs8135174 22 19998386 19998386 443 385.181 1.04571 440.505 0.000694064 -0.187746 0.472527 0.476269
ENSG00000215012.4 22 19833661 19842419 - 3568 4221 rs11089314 22 19829440 19829440 443 370.353 1.0548 371.713 1.28937e-05 -0.301595 0.018981 0.0195123
ENSG00000184470.13 22 19863040 19929359 - 3689 -15201 rs165767 22 19944560 19944560 443 361.008 1.09995 338.945 0.000455407 0.21433 0.362637 0.362706
ENSG00000093010.7 22 19929130 19957498 + 3590 -1984 rs5748489 22 19927146 19927146 443 369.725 1.02383 342.292 4.81607e-11 0.314509 0.000999001 4.54834e-07
ENSG00000099889.9 22 19957419 20004331 - 3639 -828161 rs68060846 22 20832492 20832493 443 348.311 1.07196 291.65 0.000566326 0.282043 0.452547 0.445897
ENSG00000183597.11 22 20004537 20053449 + 3668 307407 rs3962691 22 20360856 20360856 443 378.854 1.07338 415.28 0.000738218 -0.180605 0.486513 0.493043
ENSG00000128191.9 22 20067755 20099400 + 3582 757019 rs201449145 22 20856419 20856420 443 376.918 1.08685 414.988 0.00140604 -0.335218 0.721279 0.707341
ENSG00000099899.9 22 20099389 20104915 - 3490 -139808 rs9606297 22 20244723 20244723 443 382.185 0.972693 403.417 0.00148912 -0.241498 0.722278 0.732595
ENSG00000099901.11 22 20103461 20114878 + 3490 113664 rs701428 22 20228542 20228542 443 393.887 1.01779 456.194 0.00374241 -0.0874245 0.949051 0.941244
ENSG00000099904.11 22 20116979 20135530 + 3500 -412262 rs565201966 22 19704717 19704717 443 387.841 1.05457 487.373 0.000440278 0.218756 0.367632 0.362202
ENSG00000040608.9 22 20228938 20270769 - 3506 0 rs887765 22 20234817 20234817 443 374.56 0.989366 345.218 3.54867e-06 -0.201498 0.003996 0.00736036
ENSG00000128185.5 22 20301799 20307603 - 3492 8174 rs2904577 22 20293625 20293625 443 383.223 1.05448 392.239 2.90209e-06 -0.168947 0.003996 0.00390563
ENSG00000183038.9 22 20366206 20368028 - 3525 188561 rs5992519 22 20177645 20177645 443 366.459 1.09158 351.349 0.0014943 0.153409 0.734266 0.712168
ENSG00000235704.1 22 20377669 20378803 + 3531 108111 rs371437107 22 20486914 20486914 443 370.136 1.09594 391.048 9.61741e-23 -0.335763 0.000999001 3.2388e-18
ENSG00000206176.5 22 20378814 20380440 + 3534 122331 rs1659630 22 20502771 20502771 443 353.902 1.0991 312.176 2.09084e-21 -0.377547 0.000999001 2.41401e-16
ENSG00000196622.5 22 20455682 20461786 - 3620 -994332 rs34563190 22 21456118 21456119 443 389.139 0.995118 454.82 0.00263644 -0.147891 0.896104 0.89026
ENSG00000161133.12 22 20704868 20745048 - 3303 -879859 rs587922 22 21624907 21624907 443 412.717 0.968364 550.036 0.00468534 -0.252434 0.973027 0.971752
ENSG00000185252.13 22 20748405 20762745 + 3253 0 rs4599229 22 20755241 20755241 443 386.749 1.06255 425.481 5.85052e-05 0.197169 0.0549451 0.0587795
ENSG00000244486.2 22 20778874 20792146 - 3198 -47729 rs4564890 22 20839875 20839875 443 388.566 1.03498 468.622 0.000681697 -0.444438 0.474525 0.480711
ENSG00000099910.12 22 20783528 20850170 - 3242 622757 rs175192 22 20160771 20160771 443 376.701 1.05492 404.83 0.00174428 0.195408 0.779221 0.777197
ENSG00000099917.12 22 20850200 20941919 + 3207 -912667 rs5993882 22 19937533 19937533 443 370.212 1.02499 342.423 0.00049284 -0.189802 0.385614 0.378809
ENSG00000100116.11 22 38203912 38213183 + 3912 0 rs5995500 22 38204640 38204640 443 377.091 1.03782 373.259 5.3514e-19 0.468071 0.000999001 2.49244e-14
ENSG00000100124.7 22 38226862 38240438 - 3921 -40595 rs35849614 22 38281033 38281033 443 389.539 0.9889 416.175 2.11279e-05 0.327846 0.030969 0.0286582
ENSG00000100129.11 22 38244875 38285414 + 3964 307401 rs71324895 22 38592815 38592815 443 374.127 1.05362 362.232 0.00102363 0.168353 0.582418 0.579283
ENSG00000100139.9 22 38301664 38338829 + 4050 -573410 rs739187 22 37728254 37728254 443 358.65 1.0966 304.425 0.00524719 -0.139839 0.964036 0.969445
ENSG00000128346.6 22 38339528 38349676 - 3949 719778 rs2899284 22 37619750 37619750 443 377.307 1.04105 359.53 0.000773898 0.218113 0.483516 0.479185
ENSG00000100142.8 22 38348614 38437113 + 4121 -999687 rs8139712 22 37348927 37348927 443 381.99 0.970159 377.783 0.000232795 -0.18622 0.227772 0.224986
ENSG00000100151.11 22 38452318 38471708 + 3907 -679449 rs4821654 22 37772869 37772869 443 367.173 1.00187 310.238 7.22584e-05 -0.251047 0.0839161 0.0892631
ENSG00000184381.11 22 38507502 38588107 - 4135 0 rs2235344 22 38518083 38518083 443 362.522 1.05965 325.395 0.000625756 0.181996 0.45954 0.44626
ENSG00000185022.7 22 38597889 38612518 + 4037 -577 rs3041785 22 38597312 38597312 443 370.58 1.02338 296.034 1.43885e-06 -0.154872 0.001998 0.00267261
ENSG00000198792.7 22 38615298 38669040 - 4101 0 rs2235187 22 38622598 38622598 443 369.109 1.08091 329.149 6.80935e-05 -0.178054 0.0669331 0.0693433
ENSG00000213923.5 22 38686697 38794527 - 4148 30012 rs135710 22 38656685 38656685 443 368.363 1.04267 313.321 0.000150634 -0.213463 0.140859 0.143679
ENSG00000100196.6 22 38864067 38879452 + 3830 11983 rs11705586 22 38891435 38891435 443 364.469 1.01253 251.992 0.000139947 -0.245752 0.113886 0.126136
ENSG00000100201.13 22 38879445 38903665 - 3858 251301 rs77718756 22 38628144 38628144 443 359.213 1.08258 260.521 0.000109689 -0.157772 0.0889111 0.0985166
ENSG00000100206.4 22 38914954 38966291 - 3888 827450 rs61373467 22 38087484 38087504 443 376.323 1.07058 305.264 0.00463864 0.130402 0.921079 0.929721
ENSG00000100211.6 22 39052641 39069859 + 3766 46532 rs55850024 22 39116391 39116392 443 351.199 1.02927 211.617 3.05371e-06 0.214183 0.003996 0.0058569
ENSG00000100216.4 22 39077953 39080818 + 3726 555692 rs34350734 22 39636510 39636510 443 363.366 1.0345 256.467 0.00129664 -0.122479 0.59041 0.586065
ENSG00000100221.6 22 39081548 39097561 - 3751 202538 rs2071887 22 38879010 38879010 443 380.065 0.948308 293.372 0.00012793 -0.18232 0.120879 0.123355
ENSG00000100226.11 22 39101728 39134304 + 3717 816045 rs4438587 22 39950349 39950349 443 357.05 1.09817 250.531 0.00309836 0.134635 0.847153 0.841515
ENSG00000100242.11 22 39130730 39190148 - 3652 946883 rs4821712 22 38183847 38183847 443 362.814 0.986343 244.492 0.000452192 -0.183582 0.326673 0.314296
ENSG00000100246.7 22 39174513 39190203 - 3601 -426259 rs375250233 22 39616462 39616462 443 359.299 1.10192 256.075 0.00103863 0.318596 0.519481 0.50652
ENSG00000100271.11 22 43414609 43485434 - 4795 -412881 rs28485670 22 43898315 43898315 443 359.224 1.07255 327.479 0.00107533 -0.148094 0.626374 0.623915
ENSG00000100290.2 22 43506754 43525718 + 4799 0 rs12019221 22 43512589 43512589 443 352.453 1.08677 335.645 6.3644e-20 -0.506942 0.000999001 8.9344e-15
ENSG00000100294.7 22 43528886 43539400 - 4736 0 rs377331273 22 43531515 43531516 443 358.683 1.02826 327.517 4.59998e-06 0.160502 0.013986 0.0106361
ENSG00000100300.12 22 43547520 43559248 + 4708 1515 rs47341 22 43560763 43560763 443 354.595 1.0381 338.324 1.54899e-16 -0.270795 0.000999001 2.09934e-11
ENSG00000100304.10 22 43562628 43583139 - 4777 -459 rs9612021 22 43583598 43583598 443 370.688 1.06803 418.747 2.46196e-19 -0.255811 0.000999001 1.03798e-14
ENSG00000100344.6 22 44319619 44360368 + 5500 856710 rs79303608 22 45217078 45217078 443 385.905 0.984924 647.235 0.00101514 0.288065 0.751249 0.758807
ENSG00000100347.10 22 44351301 44406411 + 5491 295803 rs12162866 22 44702214 44702214 443 375.652 0.98469 573.537 0.000116658 0.233117 0.200799 0.205933
ENSG00000188677.9 22 44395091 44565106 + 5954 4097 rs8137383 22 44569203 44569203 443 363.355 1.08361 613.428 6.66145e-06 -0.195723 0.017982 0.0195406
ENSG00000138964.10 22 44568836 44615413 + 5640 0 rs7292425 22 44569414 44569414 443 377.329 1.01902 634.993 0.000106069 -0.252251 0.195804 0.190639
ENSG00000188636.3 22 44888452 44894178 - 5725 -134 rs376451273 22 44894312 44894313 443 373.554 1.01612 586.796 1.25351e-06 0.266087 0.00599401 0.00457431
ENSG00000186654.15 22 45064593 45133561 + 5860 309809 rs6007428 22 45443370 45443370 443 368.298 1.03311 574.012 5.06513e-05 0.426544 0.105894 0.109164
ENSG00000226328.1 22 45529710 45559662 - 5517 0 rs13054435 22 45553459 45553459 443 381.114 0.991509 589.468 1.72277e-08 -0.30051 0.000999001 0.000109195
ENSG00000093000.13 22 45559722 45583892 + 5462 -861980 rs6519834 22 44697742 44697742 443 377.523 1.0486 614.977 0.000982664 0.15285 0.744256 0.748672
ENSG00000100364.13 22 45588114 45636650 - 5458 -6257 rs6006956 22 45642907 45642907 443 358.131 1.12186 494.282 3.02576e-15 0.438059 0.000999001 4.65576e-11
ENSG00000100376.7 22 45704849 45737836 + 5276 0 rs738177 22 45731539 45731539 443 388.101 0.972306 589.073 1.12693e-63 -1.20693 0.000999001 9.0021e-52
ENSG00000077935.12 22 45739944 45809500 - 5306 -124 rs2272804 22 45809624 45809624 443 374.809 1.00787 494.986 2.4808e-24 -0.525061 0.000999001 2.83766e-18
ENSG00000128408.7 22 45809572 45828376 + 5116 0 rs2272804 22 45809624 45809624 443 388.047 1.05666 636.83 1.449e-30 -0.582899 0.000999001 1.64201e-25
ENSG00000130638.10 22 46067678 46241187 + 5469 -829446 rs136676 22 45238232 45238232 443 382.077 0.993317 586.488 0.000380302 -0.177953 0.43956 0.436568
ENSG00000128294.10 22 26921458 26992681 - 4613 0 rs9608503 22 26957471 26957471 443 373.446 1.02662 541.918 0.00059133 -0.177676 0.575425 0.570353
ENSG00000225783.2 22 27042392 27072438 + 4731 148927 rs34708413 22 27221365 27221365 443 382.055 1.09822 660.423 0.000909138 -0.165282 0.72028 0.710479
ENSG00000206028.1 22 27063656 27068617 - 4711 -75757 rs5761724 22 27144374 27144374 443 343.011 1.10623 382.809 0.000604308 -0.167586 0.593407 0.577653
ENSG00000244625.1 22 27068730 27176170 + 4946 -493766 rs62224242 22 26574964 26574964 443 362.987 1.05762 516.471 0.000117073 -0.264655 0.193806 0.200447
ENSG00000180957.12 22 28202413 28316122 - 3419 569118 rs61165588 22 27633294 27633295 443 395.888 0.987234 501.221 0.00116224 -0.17675 0.663337 0.663413
ENSG00000235954.2 22 28315364 28404569 + 3159 0 rs2267128 22 28316173 28316173 443 407.926 0.953595 512.56 0.000126328 0.382285 0.125874 0.127609
ENSG00000100154.10 22 28374004 29075853 - 4222 0 rs8142681 22 29014603 29014603 443 364.145 1.06047 406.124 1.44815e-17 0.567065 0.000999001 8.47169e-13
ENSG00000183765.14 22 29083731 29138410 - 2437 0 rs12170705 22 29094352 29094352 443 360.208 1.06344 182.421 0.000816916 0.160447 0.348651 0.342104
ENSG00000100209.5 22 29138019 29153503 + 2325 -967296 rs384770 22 28170723 28170723 443 366.816 1.06737 182.822 0.00392275 -0.0990163 0.784216 0.776605
ENSG00000159873.5 22 29168662 29185283 + 2322 507205 rs140065 22 29692488 29692488 443 397.262 0.955884 204.202 0.000605324 0.14267 0.240759 0.230485
ENSG00000100219.10 22 29190543 29196585 - 2312 -108476 rs7364229 22 29305061 29305061 443 367.141 0.964471 147.621 0.000412468 0.147598 0.185814 0.188866
ENSG00000183579.10 22 29279580 29453475 + 2580 -874415 rs16985863 22 28405165 28405165 443 351.945 1.10804 155.815 0.00251274 -0.401643 0.643357 0.625564
ENSG00000183762.8 22 29469066 29564321 + 2550 0 rs132304 22 29556739 29556739 443 363.02 1.00488 142.336 0.000635324 0.24371 0.238761 0.244593
ENSG00000186998.11 22 29601840 29655586 + 2628 -160489 rs59285656 22 29441350 29441351 443 355.655 1.00601 144.476 0.000797482 -0.135179 0.322677 0.316625
ENSG00000100263.9 22 29655841 29664198 - 2602 -5450 rs4820803 22 29669648 29669648 443 382.769 0.930151 163.502 0.000354267 0.121577 0.15984 0.161355
ENSG00000182944.13 22 29663998 29696515 + 2631 352917 rs57099430 22 30049432 30049433 443 364.329 0.997928 155.028 2.93361e-05 0.219315 0.021978 0.023384
ENSG00000100280.12 22 29723669 29819168 - 2820 691554 rs71316851 22 29032115 29032115 443 353.254 1.10715 161.348 0.0067371 -0.0912119 0.894106 0.904163
ENSG00000100285.8 22 29876181 29887379 + 2915 74751 rs11369607 22 29962130 29962130 443 352.561 0.983287 144.419 0.0021248 0.209512 0.593407 0.596567
ENSG00000100296.9 22 29901868 29951205 - 3036 0 rs737975 22 29908849 29908849 443 359.721 0.981104 175.451 0.00798412 0.172909 0.952048 0.951049
ENSG00000184117.7 22 29950797 29977326 - 3038 -96633 rs3842713 22 30073959 30073959 443 373.154 1.01537 215.864 1.65685e-10 0.301233 0.000999001 7.82323e-07
ENSG00000186575.12 22 29999545 30094587 + 3289 -180539 rs3044108 22 29819004 29819006 443 351.675 1.0796 188.058 0.000500289 -0.1788 0.262737 0.269408
ENSG00000100314.3 22 30116073 30127828 + 3196 -49729 rs2857647 22 30066344 30066344 443 359.234 0.984076 191.296 0.00248618 -0.110703 0.724276 0.716312
ENSG00000100319.11 22 30126945 30163000 - 3218 60601 rs2857647 22 30066344 30066344 443 356.206 1.05305 187.157 0.000550749 -0.179138 0.293706 0.282305
ENSG00000184076.9 22 30163352 30166402 + 3176 -33039 rs140106 22 30130313 30130313 443 360.37 1.02597 197.132 1.98643e-05 -0.194861 0.024975 0.0208561
ENSG00000100038.14 22 22311397 22337213 - 4964 -863314 rs34128201 22 23200527 23200527 443 381.341 1.0829 521.07 9.36685e-05 0.312902 0.10989 0.115208
ENSG00000234630.1 22 22648098 22649159 + 5146 -916185 rs5753240 22 21731913 21731913 443 369.552 1.06128 412.994 0.00131717 -0.195214 0.735265 0.728758
ENSG00000198477.3 22 22838767 22863505 - 5931 -881372 rs531096284 22 23744877 23744877 443 381.071 0.992049 465.491 0.000351682 -0.205235 0.336663 0.351825
ENSG00000185686.13 22 22890123 22901768 - 6080 0 rs3216404 22 22896520 22896521 443 340.264 1.13229 320.017 1.06575e-07 -0.260021 0.000999001 0.000387484
ENSG00000100121.8 22 22988780 22990368 + 6192 -702793 rs5995257 22 22285987 22285987 443 348.419 1.0021 340.652 0.000587678 -0.162387 0.537463 0.543382
ENSG00000254709.1 22 23229960 23238005 + 6450 7168 rs457529 22 23245173 23245173 443 388.382 1.02018 576.64 0.00189483 0.17511 0.877123 0.873374
ENSG00000100218.7 22 23401593 23487208 - 6769 0 rs2157709 22 23457420 23457420 443 370.72 1.02521 481.717 4.87745e-06 -0.251494 0.00999001 0.0123796
ENSG00000100228.7 22 23487513 23506537 + 6466 -611083 rs9620107 22 22876430 22876430 443 396.407 0.989368 608.635 0.000156796 0.319277 0.213786 0.195831
ENSG00000186716.14 22 23521891 23660224 + 6442 -2707 rs7289172 22 23519184 23519184 443 381.028 1.06485 568.185 1.02965e-06 -0.285147 0.001998 0.00223692
ENSG00000128322.6 22 23915312 23922495 - 5092 -248501 rs2186369 22 24170996 24170996 443 392.265 0.967787 472.876 0.000313621 -0.253749 0.295704 0.295658
ENSG00000159496.9 22 24030323 24041363 + 4896 -26731 rs35124910 22 24003591 24003592 443 364.567 1.08132 345.127 0.00018263 0.203365 0.187812 0.180661
ENSG00000187792.3 22 24083769 24093279 - 4840 450848 rs7364231 22 23632921 23632921 443 361.83 1.02218 316.075 0.000911087 0.169783 0.572428 0.567895
ENSG00000128218.7 22 24094930 24096655 - 4799 715 rs5759991 22 24094215 24094215 443 381.028 0.981926 366.397 2.654e-08 0.255292 0.000999001 0.000108644
ENSG00000169314.9 22 24105208 24108048 + 4744 -697090 rs9608071 22 23408118 23408118 443 365.897 1.04158 328.556 0.00951433 -0.171076 0.996004 0.997565
ENSG00000250479.3 22 24108021 24110630 - 4714 11238 rs1076123 22 24096783 24096783 443 410.781 0.979569 573.209 6.37074e-05 -0.156978 0.0699301 0.0697
ENSG00000099953.5 22 24110413 24126503 + 4707 33821 rs375307388 22 24160324 24160336 443 367.898 0.990412 318.562 0.00010203 -0.292506 0.12987 0.122336
ENSG00000099956.12 22 24129150 24176703 + 4843 0 rs35370296 22 24157537 24157537 443 352.551 1.08503 296.487 1.45045e-06 -0.328871 0.004995 0.0031412
ENSG00000099958.10 22 24176690 24181315 - 4748 63146 rs131451 22 24113544 24113544 443 367.433 1.07405 333.937 0.000259814 -0.209685 0.215784 0.224197
ENSG00000133460.13 22 24198890 24231170 + 4894 -7876 rs6003922 22 24191014 24191014 443 373.587 0.9969 360.526 0.000260698 0.242773 0.250749 0.251906
ENSG00000100368.8 22 37309670 37336491 + 4644 -45824 rs729749 22 37263846 37263846 443 367.919 1.01418 373.05 3.7929e-13 0.428909 0.000999001 1.04434e-08
ENSG00000128311.8 22 37406900 37415681 - 4615 38645 rs2858475 22 37368255 37368255 443 366.502 1.0349 406.249 0.0004959 0.169917 0.448551 0.447753
ENSG00000128309.11 22 37415676 37425863 + 4609 67937 rs228899 22 37493800 37493800 443 364.534 1.10939 387.69 0.00107395 0.127523 0.661339 0.646539
ENSG00000100379.13 22 37447779 37459430 + 4609 -118813 rs1534879 22 37328966 37328966 443 363.507 0.991662 355.571 0.0013563 0.160954 0.734266 0.736328
ENSG00000187045.12 22 37461476 37505603 - 4653 -400042 rs760721 22 37905645 37905645 443 373.716 1.04084 404.123 0.000581471 -0.17395 0.476523 0.45275
ENSG00000100385.8 22 37515126 37571094 - 4697 0 rs229484 22 37554839 37554839 443 381.817 1.01204 456.133 2.09129e-08 0.254269 0.000999001 7.97816e-05
ENSG00000133466.9 22 37576207 37595425 - 4620 -14994 rs9622574 22 37610419 37610419 443 378.075 1.02572 446.121 4.00795e-18 -0.466472 0.000999001 2.31172e-13
ENSG00000183473.5 22 37600278 37608362 - 4500 -3680 rs762921 22 37612042 37612042 443 371.607 1.01941 367.635 4.48443e-07 -0.20036 0.001998 0.00121821
ENSG00000128340.10 22 37621301 37640488 - 4437 -130670 rs2071857 22 37771158 37771158 443 379.751 0.989335 425.122 0.00107633 0.180541 0.653347 0.654903
ENSG00000100055.14 22 37678068 37711389 + 4380 0 rs7288504 22 37680998 37680998 443 393.638 0.977419 493.042 0.000164575 -0.189434 0.184815 0.180539
ENSG00000100060.12 22 37865101 37882439 - 4267 -702697 rs151115090 22 38585136 38585136 443 379.297 0.998083 409.876 0.000603124 0.297345 0.46953 0.461566
ENSG00000100083.14 22 38004481 38029571 + 4047 -182080 rs133719 22 37822401 37822401 443 351.036 1.057 290.017 0.000847811 0.202191 0.555445 0.553262
ENSG00000100092.14 22 38030661 38062939 + 4070 -284661 rs5756640 22 37746000 37746000 443 367.368 1.06556 356.45 0.00288465 -0.149229 0.892108 0.896823
ENSG00000241360.1 22 38054734 38062941 + 4033 -499688 rs5995389 22 37555046 37555046 443 373.035 0.978575 343.492 0.000431131 0.225306 0.34965 0.35694
ENSG00000100097.7 22 38071615 38075813 + 4028 14448 rs540516523 22 38090261 38090261 443 370.428 1.06405 373.581 0.000190796 -0.154418 0.18981 0.189803
ENSG00000256872.1 22 38077680 38089483 + 4036 -575779 rs932325 22 37501901 37501901 443 374.052 1.06771 382.602 0.004028 -0.160968 0.948052 0.951793
ENSG00000100106.14 22 38093011 38172563 + 4120 -622407 rs2072860 22 37470604 37470604 443 371.023 1.05022 373.807 0.000947894 -0.199552 0.582418 0.58365
ENSG00000189060.3 22 38201114 38203442 + 3900 34122 rs2413487 22 38237564 38237564 443 349.425 1.08389 280.427 5.59426e-05 -0.219974 0.0769231 0.0731557
ENSG00000260655.1 22 42318027 42319104 - 3886 -2487 rs5996087 22 42321591 42321591 443 376.777 0.94972 207.561 6.61559e-06 0.185071 0.011988 0.00883397
ENSG00000159958.3 22 42321045 42322822 - 3899 30868 rs12157312 22 42290177 42290177 443 343.639 1.05935 162.63 1.60401e-05 0.177095 0.017982 0.0182252
ENSG00000100162.10 22 42334725 42343168 - 3939 -624769 rs151177117 22 42967937 42967944 443 347.273 1.06078 176.035 0.000957354 -0.102183 0.433566 0.427357
ENSG00000100167.15 22 42372276 42394225 + 4041 -922446 rs71200649 22 41449830 41449830 443 367.811 1.00933 189.278 0.000584347 0.197073 0.294705 0.275265
ENSG00000183066.10 22 42394729 42454460 + 4163 0 rs9611710 22 42409977 42409977 443 352.378 1.01456 176.167 6.32151e-08 -0.328548 0.000999001 0.00021844
ENSG00000198951.6 22 42428724 42466846 - 4109 11737 rs133339 22 42416987 42416987 443 362.393 1.0244 191.053 7.02611e-08 0.223708 0.000999001 0.000167372
ENSG00000177096.4 22 42470255 42475445 + 4041 318785 rs2076089 22 42794230 42794230 443 365.042 1.10257 217.79 0.000756998 -0.21705 0.346653 0.337953
ENSG00000183172.6 22 42475695 42532261 + 4190 -11881 rs133369 22 42463814 42463814 443 363.096 1.01369 208.107 1.72259e-24 0.557265 0.000999001 2.80378e-18
ENSG00000184983.4 22 42481529 42486959 - 4061 60721 rs133345 22 42420807 42420808 443 341.454 1.1222 166.865 4.36016e-07 -0.268337 0.001998 0.000657513
ENSG00000100197.15 22 42522501 42540472 - 4134 -43827 rs570749952 22 42584299 42584299 443 366.546 1.0325 204.781 2.49372e-07 -0.346397 0.000999001 0.000429252
ENSG00000100207.14 22 42556019 42739622 - 4561 0 rs34834610 22 42631147 42631147 443 368.19 1.07502 289.207 0.000390048 -0.0787813 0.254745 0.26528
ENSG00000182057.4 22 42665759 42671202 + 4221 -203841 rs2854827 22 42461918 42461918 443 353.199 1.03642 199.04 3.76989e-05 -0.248687 0.033966 0.0400313
ENSG00000233903.1 22 42672361 42673057 + 4218 -311267 rs77337287 22 42361094 42361094 443 377.761 0.948125 252.133 0.000293875 0.21187 0.206793 0.209456
ENSG00000235568.2 22 42776416 42828401 - 4387 -115080 rs136980 22 42943481 42943481 443 360.792 1.06493 255.552 0.000126269 -0.175258 0.103896 0.110276
ENSG00000230107.1 22 42834029 42842201 + 4285 0 rs1016110 22 42836337 42836337 443 353.686 1.03706 255.053 6.87867e-07 0.300937 0.002997 0.00183975
ENSG00000189306.6 22 42905974 42915808 - 4382 -2005 rs6002781 22 42917813 42917813 443 352.637 1.05389 249.047 1.14022e-09 -0.487266 0.000999001 7.4483e-06
ENSG00000183569.12 22 42949623 42970388 + 4427 -47835 rs137014 22 42901788 42901788 443 342.103 1.13303 250.255 1.02536e-14 0.339706 0.000999001 1.81744e-10
ENSG00000100227.12 22 42979727 43010968 - 4465 -809318 rs135085 22 43820286 43820286 443 351.447 1.05987 242.239 0.00233899 -0.222912 0.786214 0.787179
ENSG00000100243.15 22 43013846 43045574 - 4488 0 rs6002851 22 43041837 43041837 443 352.929 1.05307 254.978 8.83859e-12 0.398292 0.000999001 1.2628e-07
ENSG00000249222.1 22 43035809 43036607 - 4455 -598600 rs762957 22 43635207 43635207 443 355.287 1.05745 261.87 0.00805699 0.0946595 0.988012 0.989308
ENSG00000128274.10 22 43088127 43117304 - 4518 -10127 rs738528 22 43127431 43127431 443 385.949 1.05321 386.636 1.49693e-13 -0.32193 0.000999001 7.03503e-10
ENSG00000242247.5 22 43192508 43267429 - 4600 254351 rs11090109 22 42938157 42938157 443 361.873 1.09066 298.655 0.001066 0.270559 0.591409 0.564642
ENSG00000100266.11 22 43231418 43411151 - 4952 0 rs547672468 22 43330905 43330906 443 351.664 1.047 299.181 6.3512e-17 0.458146 0.000999001 9.00511e-12
ENSG00000240972.1 22 24236191 24237414 + 4836 -940866 rs414392 22 23295325 23295325 443 377.913 1.00109 367.149 0.00142766 -0.108902 0.698302 0.69447
ENSG00000218537.1 22 24236613 24241117 - 4838 975061 rs738893 22 23261552 23261552 443 361.798 1.06088 307.174 0.000268105 -0.0874831 0.237762 0.236721
ENSG00000133433.6 22 24299601 24303373 - 4779 32647 rs5751776 22 24266954 24266954 443 372.927 1.07722 381.688 3.06665e-22 -0.5491 0.000999001 1.30286e-17
ENSG00000099974.7 22 24309089 24314721 + 4794 0 rs1006771 22 24314006 24314006 443 373.111 1.03237 366.967 5.10606e-08 -0.148506 0.000999001 0.000158647
ENSG00000099977.9 22 24313554 24322660 - 4824 70581 rs4820571 22 24242973 24242973 443 391.962 0.981581 408.845 0.000112976 -0.133324 0.10989 0.114217
ENSG00000099984.6 22 24322339 24326106 + 4809 -55385 rs5751776 22 24266954 24266954 443 362.436 1.05401 329.523 8.5585e-22 -0.543464 0.000999001 2.07839e-16
ENSG00000184674.7 22 24376133 24384680 - 4768 9290 rs114323341 22 24366843 24366843 443 374.96 1.04363 386.857 4.51652e-60 -0.804358 0.000999001 1.27998e-50
ENSG00000099991.11 22 24407642 24574596 + 5139 -761620 rs73152671 22 23646022 23646022 443 381.352 0.998234 428.929 0.000472678 -0.23607 0.406593 0.398794
ENSG00000100014.13 22 24666786 24813707 + 5390 436029 rs558179730 22 25249736 25249743 443 373.327 0.969914 410.534 0.00150004 -0.211948 0.783217 0.779213
ENSG00000128271.12 22 24813847 24838328 + 4892 816486 rs4822593 22 25654814 25654814 443 373.63 1.04215 415.739 0.00100567 0.220984 0.646354 0.632956
ENSG00000178803.6 22 24825178 24891042 - 4932 -919929 rs133274 22 25810971 25810971 443 388.123 0.992875 469.65 0.000534798 -0.211422 0.427572 0.432293
ENSG00000100024.9 22 24863206 24924358 + 4797 -672180 rs13058278 22 24191026 24191026 443 351.339 1.08881 323.839 0.0002605 0.119845 0.270729 0.271114
ENSG00000138867.12 22 24936406 24951903 - 4628 -968044 rs141939198 22 25919947 25919947 443 373.814 1.0251 373.93 0.000306807 0.207507 0.278721 0.27864
ENSG00000100028.7 22 24951471 25005947 + 4609 -744179 rs534921518 22 24207291 24207292 443 364.026 1.07679 340.359 0.010229 -0.134833 0.999001 0.998715
ENSG00000100031.14 22 24979718 25024972 + 4556 0 rs6004189 22 24986350 24986350 443 352.583 1.06658 286.727 1.75982e-08 -0.389802 0.000999001 7.7509e-05
ENSG00000178026.8 22 24981588 24989175 - 4536 -3778 rs199837761 22 24992953 24992954 443 368.406 1.02335 334.273 2.03216e-06 -0.219676 0.004995 0.00432195
ENSG00000197077.7 22 25421600 25593415 + 4296 0 rs543000505 22 25461111 25461111 443 365.745 1.01413 331.793 0.000571088 -0.220294 0.434565 0.433647
ENSG00000244752.2 22 25615489 25627836 + 4227 224992 rs57438964 22 25852828 25852828 443 361.971 1.07739 350.7 6.91021e-19 0.48887 0.000999001 3.8227e-14
ENSG00000100068.7 22 25747385 25801344 - 4602 0 rs35140933 22 25799196 25799197 443 348.116 1.11429 316.112 2.71202e-05 0.290318 0.035964 0.0422779
ENSG00000100077.7 22 25960816 26118985 + 5038 -43144 rs5752170 22 25917672 25917672 443 346.862 1.09014 378.771 0.00104101 -0.116017 0.73027 0.725129
ENSG00000133454.11 22 26138111 26427007 + 5355 875537 rs57399144 22 27302544 27302547 443 396.018 1.01445 662.918 0.00170734 0.175514 0.867133 0.862136
ENSG00000128203.6 22 26825239 26840981 + 4466 125037 rs11704297 22 26966018 26966018 443 371.153 1.06161 496.428 2.74593e-06 0.187783 0.002997 0.00637803
ENSG00000100099.14 22 26839389 26879820 - 4498 716510 rs34169246 22 26122879 26122879 443 367.79 1.07239 493.969 0.000852352 -0.191779 0.678322 0.662867
ENSG00000100104.7 22 26879843 26887899 + 4470 842210 rs572159 22 27730109 27730109 443 404.854 0.978588 732.585 0.00139648 0.155261 0.821179 0.814652
ENSG00000100109.11 22 26887191 26908471 - 4543 -323402 rs11365253 22 27231873 27231874 443 377.523 1.05892 553.349 3.44584e-05 -0.275979 0.0659341 0.0586679
ENSG00000260065.1 22 26917949 26921002 - 4491 -723 rs4275 22 26921725 26921725 443 389.172 1.03501 649.616 2.63451e-64 0.74889 0.000999001 9.23482e-56
ENSG00000183741.7 22 39257455 39268319 - 3505 -178098 rs36077579 22 39446417 39446417 443 369.022 1.04237 251.57 0.0017881 -0.114986 0.66034 0.650171
ENSG00000128383.8 22 39348746 39359188 + 3488 25565 rs1807558 22 39384753 39384753 443 367.595 1.00798 265.089 0.000812939 -0.157348 0.467532 0.451579
ENSG00000179750.11 22 39378352 39388809 + 3491 16617 rs56408977 22 39405426 39405432 443 390.956 1.03252 352.101 5.50619e-08 0.265606 0.000999001 8.57385e-05
ENSG00000244509.2 22 39410088 39414931 + 3510 98599 rs139358 22 39513530 39513530 443 370.904 1.05601 283.668 0.000112257 -0.175251 0.0969031 0.0947428
ENSG00000243811.2 22 39410368 39429256 + 3532 0 rs34074269 22 39420601 39420601 443 361.711 1.02529 245.066 3.59221e-06 -0.214194 0.00799201 0.00603532
ENSG00000128394.12 22 39436609 39449915 + 3527 0 rs6001402 22 39448711 39448711 443 352.085 1.06137 248.994 0.00113384 -0.149941 0.594406 0.576888
ENSG00000239713.3 22 39436924 39483748 + 3556 23906 rs139342 22 39507654 39507654 443 363.215 1.0465 265.671 8.09183e-05 -0.150697 0.0829171 0.0797997
ENSG00000100298.11 22 39493229 39500072 + 3487 61407 rs5995689 22 39561479 39561479 443 375.598 1.07291 287.592 0.000992651 -0.167843 0.475524 0.4692
ENSG00000100307.8 22 39516172 39548679 - 3511 372836 rs371350765 22 39143336 39143336 443 372.278 1.05259 288.807 0.00372155 -0.16018 0.888112 0.887444
ENSG00000100311.12 22 39619364 39640756 - 3445 -22394 rs34698021 22 39663150 39663151 443 362.933 1.01364 230.777 2.78662e-09 -0.425116 0.000999001 1.47848e-05
ENSG00000100316.11 22 39708887 39716394 - 3358 481012 rs28492938 22 39227875 39227875 443 286.003 0.858833 90.5523 0.000511876 -0.169403 0.43956 0.452312
ENSG00000100321.10 22 39745930 39781593 + 3380 0 rs909685 22 39747671 39747671 443 366.243 0.973878 209.752 4.53321e-76 0.949937 0.000999001 2.67026e-59
ENSG00000100324.8 22 39795746 39913596 + 3354 -951494 rs564030318 22 38844251 38844252 443 366.686 1.01978 254.404 0.00343457 0.326828 0.86014 0.858295
ENSG00000128268.11 22 39853349 39888199 + 3246 -1379 rs1557541 22 39851970 39851970 443 364.037 1.02876 216.808 1.93215e-05 0.175962 0.018981 0.0204501
ENSG00000100335.8 22 39895437 39914137 + 3216 315457 rs73163076 22 40229594 40229594 443 381.32 1.00835 269.578 0.00171869 0.212823 0.622378 0.621613
ENSG00000128272.10 22 39915700 39918691 + 3205 14577 rs71326775 22 39933268 39933269 443 373.911 1.0104 235.84 0.000144089 0.175672 0.0999001 0.104149
ENSG00000187051.4 22 39925098 39928860 - 3205 364432 rs139426 22 39560666 39560666 443 390.145 0.979789 272.272 0.00100271 0.124011 0.42957 0.433605
ENSG00000100351.11 22 40297086 40369725 + 2949 -413742 rs4821902 22 39883344 39883344 443 376.604 1.04987 245.226 0.000822004 0.238752 0.374625 0.370299
ENSG00000100354.14 22 40440821 40731811 + 3214 -918156 rs139375 22 39522665 39522665 443 347.727 1.06287 169.61 0.000386283 0.148364 0.218781 0.220382
ENSG00000239900.4 22 40742507 40764823 + 2407 -655118 rs5757773 22 40087389 40087389 443 358.878 1.03777 147.341 0.00174823 0.119481 0.515485 0.493527
ENSG00000186951.11 22 46546424 46639653 + 5075 595787 rs6008984 22 47235440 47235440 443 355.601 1.02636 331.497 0.00392629 -0.150233 0.958042 0.959459
ENSG00000205643.6 22 46639908 46646576 - 4805 799187 rs4823297 22 45840721 45840721 443 367.833 0.995327 356.213 0.000492222 0.184662 0.414585 0.415911
ENSG00000075234.12 22 46663858 46689905 + 4771 0 rs73886792 22 46687220 46687220 443 368.547 1.03548 377.188 1.32955e-18 0.714853 0.000999001 1.32702e-13
ENSG00000075218.13 22 46692638 46726707 + 4737 260269 rs5769000 22 46986976 46986976 443 365.421 1.02423 362.806 0.00115516 0.252462 0.687313 0.673866
ENSG00000100416.8 22 46726772 46753237 + 4713 446396 rs5767367 22 47199633 47199633 443 371.899 1.02815 404.166 0.00086983 -0.20023 0.584416 0.590862
ENSG00000075275.12 22 46756731 46933067 - 5019 0 rs6008886 22 46909886 46909886 443 335.581 1.14272 290.077 8.74219e-05 0.215834 0.114885 0.124034
ENSG00000075240.12 22 46971909 47075688 + 4846 -189803 rs9615977 22 46782106 46782106 443 357.872 1.07683 335.754 0.000257778 -0.280934 0.266733 0.257212
ENSG00000100422.9 22 47080308 47134158 - 4754 -689603 rs7287901 22 47823761 47823761 443 383.904 0.94634 403.377 1.88917e-05 0.187164 0.030969 0.0337392
ENSG00000054611.9 22 47158518 47571336 + 5696 868552 rs67210951 22 48439888 48439892 443 368.276 1.06334 503.968 0.00178966 0.18982 0.882118 0.880266
ENSG00000188511.8 22 49808176 50051190 - 7177 -12337 rs13053272 22 50063527 50063527 443 387.095 0.997175 790.957 0.000618742 -0.421292 0.677323 0.664544
ENSG00000100425.13 22 50166931 50221160 - 6011 -662801 rs756014 22 50883961 50883961 443 377.08 0.974083 569.536 0.00248273 0.181069 0.957043 0.952699
ENSG00000100426.5 22 50247490 50282090 + 5594 432659 rs527619491 22 50714749 50714749 443 355.936 1.08949 481.999 0.000582615 0.152395 0.594406 0.589753
ENSG00000182858.7 22 50296867 50312106 - 5398 -340912 rs13058530 22 50653018 50653018 443 370.677 1.05048 522.309 6.21382e-05 -0.308702 0.106893 0.107698
ENSG00000184164.10 22 50311815 50321188 + 5333 0 rs113800028 22 50318506 50318506 443 367.389 1.0462 502.751 6.08682e-13 -0.38712 0.000999001 1.22994e-08
ENSG00000198355.4 22 50354161 50357728 + 5053 350866 rs34355047 22 50708594 50708594 443 363.907 1.01758 440.812 0.00429166 0.0775573 0.983017 0.985535
ENSG00000100427.11 22 50497820 50524331 - 4504 -29933 rs731857 22 50554264 50554264 443 363.02 1.01045 403.459 6.1246e-09 -0.352199 0.000999001 5.17393e-05
ENSG00000073150.8 22 50609160 50618723 + 3997 532048 rs5770821 22 51150771 51150771 443 344.677 1.06279 282.219 0.000558397 -0.113104 0.461538 0.453384
ENSG00000100325.10 22 30184597 30234271 - 3258 -272101 rs10712471 22 30506372 30506373 443 371.813 0.989115 220.711 0.000297879 0.224787 0.188811 0.188303
ENSG00000100330.10 22 30279144 31521442 + 4551 0 rs35433786 22 30344788 30344788 443 365.205 1.03359 282.72 0.00485616 -0.181187 0.948052 0.947013
ENSG00000128342.4 22 30636436 30642840 - 3188 918720 rs5763138 22 29717716 29717716 443 340.913 1.04824 148.092 0.00185268 -0.17678 0.594406 0.588117
ENSG00000099985.3 22 30658818 30662829 - 3144 -286991 rs8142452 22 30949820 30949820 443 360.111 1.02422 184.345 0.000376957 -0.183808 0.218781 0.210435
ENSG00000239282.3 22 30681106 30685616 - 3172 -869148 rs76873698 22 31554764 31554764 443 330.714 1.06851 141.643 0.00260456 0.41075 0.718282 0.708919
ENSG00000248751.2 22 30681227 30695471 - 3181 -153233 rs71328853 22 30848704 30848704 443 368.417 1.04835 209.411 0.00871746 -0.189614 0.963037 0.968059
ENSG00000099992.11 22 30687979 30723035 - 3213 441128 rs71324788 22 30246851 30246851 443 345.845 1.02425 159.458 0.000429317 0.233462 0.255744 0.247011
ENSG00000099995.12 22 30727979 30752936 - 3198 790711 rs737981 22 29937268 29937268 443 346.494 1.08971 164.505 0.00258633 0.104232 0.699301 0.686954
ENSG00000187860.6 22 30752624 30774647 + 3193 -946195 rs145639056 22 29806429 29806429 443 362.652 1.06186 203.096 0.00313777 -0.367179 0.772228 0.765271
ENSG00000099999.9 22 30773808 30817760 - 3199 889531 rs165743 22 29884277 29884277 443 344.958 1.07366 159.931 0.00228822 -0.219959 0.673327 0.651826
ENSG00000100003.12 22 30792846 30820603 + 3174 0 rs563299077 22 30807731 30807731 443 373.327 1.01502 205.249 0.00109966 0.24569 0.426573 0.422971
ENSG00000249590.3 22 30805244 30824977 + 3152 352152 rs571262411 22 31177129 31177130 443 363.604 0.987401 182.231 0.0103701 0.167833 0.979021 0.976535
ENSG00000242114.1 22 30821518 30825045 + 3099 607344 rs9609197 22 31432389 31432389 443 372.516 1.04413 203.5 0.000716897 -0.218514 0.308691 0.303702
ENSG00000100029.12 22 30972615 31003070 - 2993 -982725 rs536921651 22 31985795 31985795 443 349.739 1.08363 157.362 0.00350248 -0.242044 0.763237 0.749947
ENSG00000185339.4 22 31002825 31023265 + 2909 0 rs5753236 22 31009820 31009820 443 378.107 0.966921 197.764 2.19358e-07 -0.233456 0.001998 0.000441915
ENSG00000100036.11 22 31031639 31065003 + 2904 -5872 rs34733171 22 31025766 31025767 443 353.167 1.06813 166.165 0.000218633 -0.181762 0.11988 0.126881
ENSG00000167065.9 22 31048038 31063877 - 2881 0 rs34597012 22 31063804 31063805 443 367.616 1.01846 188.146 2.66361e-07 -0.263107 0.000999001 0.000449894
ENSG00000184792.11 22 31089769 31303811 + 2960 500927 rs66474618 22 31804738 31804744 443 353.762 1.01689 163.378 0.000780093 -0.190712 0.34965 0.347177
ENSG00000133422.7 22 31322596 31364284 - 2731 -33743 rs11407753 22 31398027 31398027 443 363.052 1.07578 191.277 0.00273995 -0.151112 0.714286 0.695602
ENSG00000253352.3 22 31366663 31374831 + 2683 -689812 rs4823084 22 30676851 30676851 443 340.134 1.10696 148.405 0.000686372 0.153491 0.30969 0.304852
ENSG00000183963.12 22 31460091 31500610 + 2662 0 rs55911547 22 31462302 31462302 443 371.867 1.01531 187.969 0.00268971 -0.252344 0.677323 0.669424
ENSG00000198832.6 22 31500758 31516055 - 2636 0 rs13053829 22 31503560 31503560 443 332.553 1.05318 124.56 1.05462e-07 0.182076 0.000999001 0.000333892
ENSG00000185133.9 22 31518717 31530682 + 2631 -609820 rs10775713 22 30908897 30908897 443 340.091 1.04677 135.903 8.8068e-05 -0.264997 0.0699301 0.0672958
ENSG00000138942.9 22 31556168 31602999 + 2798 31776 rs59473370 22 31634775 31634775 443 366.394 1.00161 185.065 0.00240518 -0.20885 0.657343 0.657468
ENSG00000182541.12 22 31608225 31676066 + 2861 -495148 rs71328866 22 31113077 31113077 443 338.426 1.11721 151.87 0.00481442 0.181832 0.853147 0.853186
ENSG00000100100.7 22 31677579 31688520 - 2855 233781 rs12484314 22 31443798 31443798 443 347.932 1.0861 163.317 0.00203207 0.190325 0.617383 0.604703
ENSG00000100105.13 22 31721790 31742218 - 3091 969986 rs573052336 22 30751804 30751804 443 351.296 1.07188 175.586 0.00202496 0.0999277 0.637363 0.621909
ENSG00000213888.2 22 31742875 31744670 + 3062 569768 rs566242210 22 32314438 32314439 443 372.602 1.01113 224.201 0.000138641 0.210534 0.106893 0.0981075
ENSG00000185721.6 22 31795509 31924726 + 3455 834939 rs5754024 22 32759665 32759665 443 351.404 1.02856 204.878 0.000453353 -0.306891 0.2997 0.294231
ENSG00000184708.11 22 31835349 31892094 - 3264 563815 rs9609139 22 31271534 31271534 443 376.929 1.01249 255.563 0.00163118 -0.203804 0.605395 0.603263
ENSG00000198089.9 22 31884674 32014572 + 3512 937369 rs2157188 22 32951941 32951941 443 357.742 1.04858 232.677 0.00592174 -0.212118 0.957043 0.952486
ENSG00000241878.4 22 32014477 32058418 - 3392 -890008 rs58033264 22 32948426 32948426 443 364.047 1.08311 265.555 0.00136649 0.190546 0.617383 0.59124
ENSG00000183530.9 22 32072242 32146126 - 3333 -803978 rs2710381 22 32950104 32950104 443 364.058 1.03008 248.933 0.00396738 -0.182552 0.892108 0.889803
ENSG00000100150.10 22 32149944 32303001 + 3596 557791 rs9609562 22 32860792 32860792 443 371.716 0.961579 267.682 0.000238044 -0.26097 0.1998 0.199982
ENSG00000128245.9 22 32340447 32353590 + 3367 7171 rs138941487 22 32360761 32360761 443 349.717 1.02816 198.581 5.75674e-08 0.249852 0.000999001 0.00022328
ENSG00000128253.9 22 32586422 32600718 - 3669 -207637 rs2049948 22 32808355 32808355 443 342.611 1.1692 224.48 6.44801e-05 -0.232571 0.0569431 0.0588224
ENSG00000128276.6 22 32750872 32757148 + 3743 57563 rs2014356 22 32814711 32814711 443 381.19 0.99524 336.436 1.96223e-05 -0.485167 0.024975 0.0254168
ENSG00000205853.5 22 32755893 32767063 - 3746 -32305 rs139280842 22 32799368 32799368 443 384.132 0.996582 332.927 4.8866e-10 -0.39277 0.000999001 2.39521e-06
ENSG00000100220.7 22 32783569 32808242 - 3808 3645 rs7287726 22 32779924 32779924 443 370.645 1.01203 306.996 0.00190337 -0.122256 0.752248 0.746599
ENSG00000100225.13 22 32870663 32894818 + 3862 -44719 rs5754080 22 32825944 32825944 443 371.716 1.02761 329.58 0.00309708 0.125134 0.892108 0.887373
ENSG00000133424.14 22 33561991 34318829 - 6477 0 rs5754752 22 34293516 34293516 443 381.958 1.04474 538.937 0.000135539 -0.195251 0.17982 0.175217
ENSG00000226287.3 22 21055220 21058894 + 2968 -552449 rs1659630 22 20502771 20502771 443 388.869 1.01352 380.473 2.51142e-13 -0.316681 0.000999001 2.05055e-09
ENSG00000241973.6 22 21061979 21213705 - 3154 676777 rs371888151 22 20385202 20385202 443 361.192 1.06282 298.351 0.000555535 -0.145558 0.398601 0.390365
ENSG00000099937.6 22 21128167 21142008 + 2977 395698 rs9754324 22 21537706 21537706 443 383.98 1.043 389.001 0.000284068 0.174005 0.227772 0.228729
ENSG00000099940.6 22 21213271 21245502 + 2832 -161555 rs373121581 22 21051716 21051716 443 374.473 1.04363 325.339 1.99379e-09 0.530329 0.000999001 6.80175e-06
ENSG00000099942.8 22 21271714 21308037 + 2823 -430042 rs35035626 22 20841671 20841672 443 380.173 0.989373 342.007 0.000422681 0.113924 0.335664 0.316837
ENSG00000237476.1 22 21311380 21318967 + 2782 -320 rs46455 22 21311060 21311060 443 390.264 1.06862 387.423 7.50334e-05 0.222139 0.0539461 0.061285
ENSG00000183773.10 22 21319396 21335649 + 2795 252774 rs201171845 22 21588423 21588424 443 382.747 1.03419 360.746 0.000431583 -0.258322 0.307692 0.304443
ENSG00000099949.13 22 21322090 21353327 + 2799 -859541 rs375703269 22 20462549 20462549 443 377.231 1.0648 322.761 0.00869983 0.128611 0.99001 0.992463
ENSG00000184436.7 22 21353393 21356485 - 2784 2513 rs178295 22 21350880 21350880 443 381.655 1.07185 340.582 0.000639249 -0.120609 0.377622 0.372177
ENSG00000133475.12 22 21562262 21581926 - 3658 -701354 rs74576380 22 22283280 22283280 443 373.414 1.12641 382.031 0.000176048 -0.261506 0.14985 0.152397
ENSG00000196934.2 22 21737663 21743767 + 4194 948148 rs55752171 22 22691915 22691915 443 348.462 1.07882 281.215 2.81093e-05 0.160773 0.044955 0.0429257
ENSG00000169635.5 22 21771693 21805752 + 4271 420959 rs141161973 22 22226711 22226715 443 365.053 1.07612 339.718 0.00179689 0.165327 0.768232 0.767851
ENSG00000206140.5 22 21820712 21825558 + 4236 -98187 rs72617216 22 21722525 21722525 443 382.401 1.00601 398.787 3.60877e-13 -0.383511 0.000999001 5.12587e-09
ENSG00000183246.6 22 21899646 21905750 - 4348 -786165 rs55752171 22 22691915 22691915 443 372.354 1.01816 355.986 1.48734e-05 0.165907 0.020979 0.0234656
ENSG00000185651.10 22 21903736 21978323 + 4591 379908 rs6000510 22 22358231 22358231 443 386.349 1.00523 453.411 0.000134458 -0.271493 0.157842 0.150124
ENSG00000161179.9 22 21982378 21984353 - 4428 -99378 rs35544773 22 22083731 22083732 443 371.856 1.03211 365.563 0.0013988 0.107094 0.703297 0.702593
ENSG00000128228.4 22 21996550 21998587 + 4452 -352204 rs78164537 22 21644346 21644346 443 369.855 1.06811 383.283 0.00294758 0.143827 0.912088 0.91099
ENSG00000100023.12 22 22006559 22052565 + 4632 -777920 rs13058623 22 21228639 21228639 443 381.147 1.00618 415.155 0.000181401 0.228647 0.183816 0.190607
ENSG00000100027.10 22 22051833 22090123 - 4710 -177157 rs113109654 22 22267280 22267280 443 359.548 1.1366 346.204 0.000559601 -0.217138 0.414585 0.415224
ENSG00000100030.9 22 22108789 22221970 - 5052 0 rs143016569 22 22180964 22180967 443 381.449 1.04362 473.199 1.51149e-05 -0.282281 0.025974 0.0233032
ENSG00000100034.8 22 22273793 22307209 - 4983 167175 rs5749806 22 22106618 22106618 443 340.481 1.10568 305.117 0.000183291 -0.188395 0.217782 0.228073
ENSG00000100359.14 22 40766595 40806122 + 2418 -884445 rs34708754 22 39882149 39882150 443 340.675 1.08678 126.763 0.00119703 0.219089 0.421578 0.39456
ENSG00000196588.8 22 40806285 41032706 - 2653 446408 rs141791242 22 40359877 40359877 443 350.982 1.03019 142.815 0.0099019 -0.126759 0.952048 0.953847
ENSG00000100372.10 22 41165634 41215403 - 2475 25001 rs565224784 22 41140633 41140633 443 340.545 1.08242 98.3693 0.000316691 -0.462837 0.124875 0.119848
ENSG00000100380.7 22 41220539 41253026 - 2510 -318250 rs35497681 22 41571276 41571276 443 356.185 1.04021 107.869 0.00206664 -0.101264 0.445554 0.44364
ENSG00000196236.6 22 41253081 41368585 + 2672 -35005 rs373556047 22 41218075 41218076 443 353.329 1.04895 108.377 0.00661249 -0.129748 0.797203 0.798162
ENSG00000172404.4 22 41255553 41258130 - 2507 0 rs103197 22 41256802 41256802 443 367.952 0.983683 117.753 7.38002e-59 0.778602 0.000999001 2.37452e-46
ENSG00000100387.8 22 41347351 41369313 + 2611 810349 rs11090059 22 42179662 42179662 443 341.357 1.07341 100.497 0.00495427 -0.150588 0.725275 0.723364
ENSG00000100393.9 22 41487790 41576081 + 2942 984137 rs149607153 22 42560218 42560220 443 359.591 1.02358 113.531 0.00350325 -0.0747773 0.613387 0.61177
ENSG00000231993.1 22 41570595 41593460 - 2797 602659 rs557782525 22 40967925 40967936 443 366.221 1.02386 112.879 0.0010474 0.19683 0.267732 0.267781
ENSG00000100395.10 22 41601209 41627275 + 2805 123347 rs9611560 22 41750622 41750622 443 348.484 1.04839 104.1 0.00355369 -0.184174 0.628372 0.618075
ENSG00000100401.14 22 41641615 41698963 - 2836 0 rs139529 22 41672514 41672514 443 349.803 1.01383 103.522 0.000534568 -0.15145 0.204795 0.189706
ENSG00000100403.10 22 41697526 41756151 + 2891 -72765 rs139478 22 41624761 41624761 443 346.191 0.994093 97.3979 0.00014929 -0.124648 0.0739261 0.0765734
ENSG00000167074.9 22 41763337 41795330 + 2941 0 rs9607799 22 41777558 41777558 443 327.545 1.10903 95.2181 3.25585e-23 0.552529 0.000999001 3.11845e-17
ENSG00000183864.4 22 41829496 41843027 - 2993 -703825 rs59390354 22 42546852 42546852 443 348.3 0.997938 111.813 0.0020126 0.184484 0.492507 0.50105
ENSG00000100410.3 22 41855721 41864729 - 3015 -908747 rs368539495 22 42773476 42773482 443 351.675 0.994529 117.024 0.00410567 -0.116017 0.712288 0.713612
ENSG00000100412.10 22 41865117 41924993 + 3162 565888 rs533212165 22 42490881 42490881 443 342.698 1.04977 119.14 0.00392374 0.195397 0.731269 0.721006
ENSG00000100413.12 22 41921808 41940610 - 3163 154673 rs4820438 22 41767135 41767135 443 347.273 1.04823 135.533 5.25535e-13 -0.356997 0.000999001 9.40238e-09
ENSG00000172346.9 22 41956767 42069998 + 3432 0 rs369518390 22 42052219 42052219 443 362.047 1.06085 170.372 0.000232922 0.140123 0.118881 0.120398
ENSG00000100417.7 22 41972898 41985894 - 3230 -90747 rs5758406 22 42076641 42076641 443 341.259 1.05297 131.31 1.79938e-22 0.450127 0.000999001 2.41156e-16
ENSG00000100418.7 22 41994032 42017100 - 3261 18830 rs13340068 22 41975202 41975202 443 367.465 1.0717 178.289 0.000776559 0.217492 0.294705 0.293087
ENSG00000196419.7 22 42017123 42060044 + 3376 -330889 rs567276827 22 41686233 41686234 443 358.694 0.998584 151.723 0.000884169 -0.128427 0.32967 0.344767
ENSG00000100138.9 22 42069934 42086508 - 3403 663015 rs5758179 22 41406919 41406919 443 356.909 0.986004 148.285 0.0112633 -0.154028 0.975025 0.968845
ENSG00000184208.10 22 42084943 42094140 + 3402 -23304 rs34077262 22 42061639 42061639 443 351.199 1.06499 152.831 1.00331e-07 0.255021 0.000999001 0.000186818
ENSG00000167077.7 22 42095503 42195460 + 3809 -240045 rs202638 22 41855458 41855458 443 328.129 1.06065 129.717 1.71624e-12 -0.287507 0.000999001 6.21539e-08
ENSG00000100147.8 22 42196683 42222303 + 3729 -75819 rs62239561 22 42120864 42120864 443 343.736 1.07707 168.05 1.80151e-16 -0.357925 0.000999001 1.09515e-11
ENSG00000184068.2 22 42227219 42230669 - 3708 38328 rs12168543 22 42188891 42188891 443 347.77 0.998047 151.851 0.000609833 0.127994 0.301698 0.306263
ENSG00000198911.6 22 42229109 42303312 + 3877 792616 rs910301 22 43095928 43095928 443 348.895 1.05224 168.285 0.000849841 0.101753 0.386613 0.379423
ENSG00000234965.1 22 42307297 42310570 - 3865 913936 rs567918223 22 41393360 41393361 443 365.161 1.02167 198.285 0.000546318 -0.180977 0.282717 0.276582
